[[ 316.82672  525.9107 ]
 [ 322.64807  505.85602]
 [ 319.31577  510.32587]
 [ 375.22693  499.297  ]
 [ 360.23932  501.1881 ]
 [ 446.1827   549.14294]
 [ 416.01282  559.0121 ]
 [ 380.97382  696.01074]
 [ 377.3126   666.05194]
 [ 292.48633  745.4298 ]
 [ 300.3384   706.9058 ]
 [ 574.6406   724.925  ]
 [ 561.01074  721.28796]
 [ 385.7939   840.3391 ]
 [ 378.95044  810.9845 ]
 [ 489.3971  1049.8826 ]
 [ 489.3971  1049.8826 ]]

[[ 331.9528   524.56396]
 [ 338.6236   505.99463]
 [ 328.31345  511.26154]
 [ 377.6961   500.5558 ]
 [ 358.42273  506.2709 ]
 [ 452.11258  550.1855 ]
 [ 423.463    551.0717 ]
 [ 399.02625  688.8321 ]
 [ 385.83984  667.0666 ]
 [ 341.7488   739.74133]
 [ 335.34134  703.45   ]
 [ 567.52106  734.8821 ]
 [ 532.9996   726.24243]
 [ 387.0725   840.5288 ]
 [ 375.78314  815.5687 ]
 [ 492.34125 1045.5107 ]
 [ 487.93665 1005.025  ]]

[[ 324.5254   501.97385]
 [ 329.05002  483.9602 ]
 [ 325.77002  487.87564]
 [ 376.48096  478.8449 ]
 [ 362.42325  482.5781 ]
 [ 441.66122  536.4365 ]
 [ 418.44397  530.74896]
 [ 390.67596  683.9202 ]
 [ 383.62122  644.4561 ]
 [ 332.92554  680.26825]
 [ 327.97028  665.32886]
 [ 563.3293   731.53674]
 [ 532.21387  719.0155 ]
 [ 385.43268  842.735  ]
 [ 372.7774   812.1467 ]
 [ 489.1864  1043.0408 ]
 [ 489.3971  1049.8826 ]]

[[ 347.77957  475.32822]
 [ 348.35596  458.4114 ]
 [ 346.75534  460.08145]
 [ 394.90826  459.4605 ]
 [ 384.26727  457.05408]
 [ 444.03134  519.63544]
 [ 420.06494  523.5165 ]
 [ 387.06458  652.48096]
 [ 373.05188  621.92474]
 [ 323.2168   656.0996 ]
 [ 321.23306  645.24896]
 [ 544.21655  721.4491 ]
 [ 513.378    714.228  ]
 [ 395.27313  846.81305]
 [ 377.99667  818.42114]
 [ 491.10468 1043.6484 ]
  [ 487.93665 1005.025  ]]

[[ 362.40845  465.0343 ]
 [ 370.52078  447.7519 ]
 [ 365.8817   448.83572]
 [ 410.35062  448.96393]
 [ 401.40112  446.7245 ]
 [ 456.593    516.61676]
 [ 432.8392   517.0492 ]
 [ 385.28442  650.38574]
 [ 378.01385  609.3554 ]
 [ 328.34537  639.96716]
 [ 329.58646  633.01965]
 [ 559.8606   726.2377 ]
 [ 524.30676  712.8981 ]
 [ 391.9851   848.01135]
 [ 374.86865  811.48865]
 [ 485.2728  1044.5156 ]
  [ 487.93665 1005.025  ]]

[[ 364.51016  452.46686]
 [ 369.5099   439.83075]
 [ 367.67322  440.67377]
 [ 411.59058  438.18567]
 [ 406.73035  435.00427]
 [ 455.4094   511.29407]
 [ 455.29413  509.38104]
 [ 391.34964  657.4405 ]
 [ 403.08014  619.6498 ]
 [ 308.37527  621.72327]
 [ 324.17496  617.48444]
 [ 567.3005   727.2519 ]
 [ 544.7992   716.787  ]
 [ 391.21283  839.69775]
 [ 382.61978  809.288  ]
 [ 483.26614 1042.0863 ]
  [ 487.93665 1005.025  ]]

[[ 371.80618  467.6499 ]
 [ 373.4912   447.8018 ]
 [ 370.38208  449.26477]
 [ 410.74103  449.46072]
 [ 404.5904   448.23682]
 [ 464.13025  520.1215 ]
 [ 448.30365  517.36176]
 [ 409.0445   651.63635]
 [ 397.5074   609.5122 ]
 [ 322.6291   666.204  ]
 [ 326.50745  640.80457]
 [ 565.85736  721.9917 ]
 [ 539.6545   710.55084]
 [ 385.20087  840.28564]
 [ 387.7617   814.5765 ]
 [ 489.60263 1046.3607 ]
 [ 495.03302 1001.1972 ]]

[[ 316.82672  525.9107 ]
 [ 322.64807  505.85602]
 [ 319.31577  510.32587]
 [ 375.22693  499.297  ]
 [ 360.23932  501.1881 ]
 [ 446.1827   549.14294]
 [ 416.01282  559.0121 ]
 [ 380.97382  696.01074]
 [ 377.3126   666.05194]
 [ 292.48633  745.4298 ]
 [ 300.3384   706.9058 ]
 [ 574.6406   724.925  ]
 [ 561.01074  721.28796]
 [ 385.7939   840.3391 ]
 [ 378.95044  810.9845 ]
 [ 489.3971  1049.8826 ]
 [ 495.03302 1001.1972 ]]

[[ 331.9528   524.56396]
 [ 338.6236   505.99463]
 [ 328.31345  511.26154]
 [ 377.6961   500.5558 ]
 [ 358.42273  506.2709 ]
 [ 452.11258  550.1855 ]
 [ 423.463    551.0717 ]
 [ 399.02625  688.8321 ]
 [ 385.83984  667.0666 ]
 [ 341.7488   739.74133]
 [ 335.34134  703.45   ]
 [ 567.52106  734.8821 ]
 [ 532.9996   726.24243]
 [ 387.0725   840.5288 ]
 [ 375.78314  815.5687 ]
 [ 492.34125 1045.5107 ]
 [ 487.93665 1005.025  ]]

[[ 324.5254   501.97385]
 [ 329.05002  483.9602 ]
 [ 325.77002  487.87564]
 [ 376.48096  478.8449 ]
 [ 362.42325  482.5781 ]
 [ 441.66122  536.4365 ]
 [ 418.44397  530.74896]
 [ 390.67596  683.9202 ]
 [ 383.62122  644.4561 ]
 [ 332.92554  680.26825]
 [ 327.97028  665.32886]
 [ 563.3293   731.53674]
 [ 532.21387  719.0155 ]
 [ 385.43268  842.735  ]
 [ 372.7774   812.1467 ]
 [ 489.1864  1043.0408 ]
 [ 495.03302 1001.1972 ]]

[[ 347.77957  475.32822]
 [ 348.35596  458.4114 ]
 [ 346.75534  460.08145]
 [ 394.90826  459.4605 ]
 [ 384.26727  457.05408]
 [ 444.03134  519.63544]
 [ 420.06494  523.5165 ]
 [ 387.06458  652.48096]
 [ 373.05188  621.92474]
 [ 323.2168   656.0996 ]
 [ 321.23306  645.24896]
 [ 544.21655  721.4491 ]
 [ 513.378    714.228  ]
 [ 395.27313  846.81305]
 [ 377.99667  818.42114]
 [ 491.10468 1043.6484 ]
 [ 495.03302 1001.1972 ]]

[[ 362.40845  465.0343 ]
 [ 370.52078  447.7519 ]
 [ 365.8817   448.83572]
 [ 410.35062  448.96393]
 [ 401.40112  446.7245 ]
 [ 456.593    516.61676]
 [ 432.8392   517.0492 ]
 [ 385.28442  650.38574]
 [ 378.01385  609.3554 ]
 [ 328.34537  639.96716]
 [ 329.58646  633.01965]
 [ 559.8606   726.2377 ]
 [ 524.30676  712.8981 ]
 [ 391.9851   848.01135]
 [ 374.86865  811.48865]
 [ 485.2728  1044.5156 ]
 [ 495.03302 1001.1972 ]]

[[ 364.51016  452.46686]
 [ 369.5099   439.83075]
 [ 367.67322  440.67377]
 [ 411.59058  438.18567]
 [ 406.73035  435.00427]
 [ 455.4094   511.29407]
 [ 455.29413  509.38104]
 [ 391.34964  657.4405 ]
 [ 403.08014  619.6498 ]
 [ 308.37527  621.72327]
 [ 324.17496  617.48444]
 [ 567.3005   727.2519 ]
 [ 544.7992   716.787  ]
 [ 391.21283  839.69775]
 [ 382.61978  809.288  ]
 [ 483.26614 1042.0863 ]
 [ 495.03302 1001.1972 ]]

[[ 371.80618  467.6499 ]
 [ 373.4912   447.8018 ]
 [ 370.38208  449.26477]
 [ 410.74103  449.46072]
 [ 404.5904   448.23682]
 [ 464.13025  520.1215 ]
 [ 448.30365  517.36176]
 [ 409.0445   651.63635]
 [ 397.5074   609.5122 ]
 [ 322.6291   666.204  ]
 [ 326.50745  640.80457]
 [ 565.85736  721.9917 ]
 [ 539.6545   710.55084]
 [ 385.20087  840.28564]
 [ 387.7617   814.5765 ]
 [ 489.60263 1046.3607 ]
 [ 495.03302 1001.1972 ]]


 [[426.99338 230.95935]
  [433.66614 205.42403]
  [432.46063 206.62851]
  [475.27097 194.50839]
  [468.93365 194.76799]
  [518.75116 252.32094]
  [516.2806  253.11374]
  [573.6224  404.29822]
  [571.004   400.18073]
  [459.71582 438.18176]
  [466.4534  441.6137 ]
  [631.0188  526.5759 ]
  [631.6106  528.8219 ]
  [606.52747 756.337  ]
  [598.2403  751.8688 ]
  [593.0598  990.0713 ]
  [592.1777  955.4512 ]]

 [[626.8371  210.79298]
  [437.409   220.66055]
  [656.5783  393.6007 ]
  [416.40002 386.0065 ]
  [535.0753  485.21332]
  [423.339   490.7556 ]
  [566.48145 547.47614]
  [448.56757 546.65826]
  [569.37494 787.23517]
  [438.42554 795.5942 ]
  [591.0128  980.07556]
  [438.67966 988.07825]
  [606.52747 756.337  ]
  [598.2403  751.8688 ]
  [593.0598  990.0713 ]
  [592.1777  955.4512 ]
  [ 495.03302 1001.1972 ]]

