
[1, 648.6618, 441.6563, 665.6247, 424.3623, 628.0352, 427.01544, 694.5966, 436.56186, 604.7192, 446.13934, 751.95483, 525.84607, 570.5885, 544.0087, 791.30994, 664.1513, 548.9526, 684.9451, 750.07477, 759.2096, 587.0621, 739.8233, 721.2976, 825.313, 611.41425, 831.57434, 743.8021, 1062.6527, 625.04144, 1059.0931, 732.9657, 1119.0593, 666.45593, 1106.4171]

[1, 566.9868, 451.32898, 581.03156, 424.5236, 543.36694, 437.74225, 616.134, 427.81335, 536.4485, 453.37338, 683.84204, 513.2438, 522.89355, 570.093, 749.2758, 649.81934, 532.08856, 698.9492, 715.7167, 739.66974, 571.5006, 780.702, 692.6874, 817.50635, 585.8, 834.0913, 712.93115, 1081.7316, 610.82776, 1087.2715, 707.0851, 1103.0475, 650.76196, 1095.0137]

[1, 613.22186, 427.96463, 631.525, 403.18314, 592.4053, 409.84695, 670.20276, 405.05865, 586.58057, 418.2621, 736.95435, 514.27686, 554.9293, 527.98517, 776.8358, 668.98755, 533.8546, 670.00256, 716.8651, 763.74426, 552.77893, 763.75354, 679.7217, 830.27576, 564.95905, 834.2612, 670.2713, 1080.6017, 573.39594, 1083.3031, 664.92096, 1104.02, 615.4514, 1099.7429]


[1, 653.36365, 424.00214, 672.49414, 408.2503, 636.16785, 406.7648, 692.77826, 423.7307, 605.3877, 421.1992, 739.71735, 525.11957, 547.8706, 524.5419, 766.9612, 678.7957, 514.4909, 673.6665, 728.7468, 758.42615, 550.0268, 745.44586, 682.02466, 841.30115, 565.3622, 843.719, 674.2828, 1101.3195, 554.5458, 1095.281, 576.1309, 1100.9874, 576.6321437907744, 1101.4886501384306]


[1, 572.64874, 448.83316, 587.2581, 432.01294, 552.1561, 433.10278, 604.38715, 445.3153, 521.5415, 452.35876, 653.69867, 534.7184, 485.7573, 560.2149, 703.3689, 655.4279, 468.844, 705.4803, 675.13556, 736.67816, 505.44553, 743.1617, 646.45215, 832.83417, 538.453, 840.00037, 658.3015, 1062.4323, 541.412, 1058.6471, 651.7908, 1112.8213, 572.85364, 1091.5334]


[1, 698.0765, 456.3722, 721.10486, 440.85083, 685.3319, 436.3142, 741.7666, 457.77753, 656.2866, 449.8147, 773.53973, 554.79, 596.12006, 542.5424, 789.16754, 694.86865, 560.5514, 677.7031, 756.9977, 763.0335, 592.4369, 739.3779, 716.30237, 819.58044, 609.688, 816.93176, 707.4966, 1052.2997, 598.0183, 1050.5144, 696.3138, 1104.9541, 614.6627, 1094.907]


[1, 704.5517, 457.84753, 726.9153, 442.9367, 690.4263, 435.6302, 747.5977, 464.1766, 663.4272, 449.63452, 772.1345, 560.9773, 599.15594, 538.5669, 782.44336, 693.3814, 562.6562, 665.04456, 752.6583, 765.7889, 586.07477, 738.98895, 714.88074, 818.30084, 602.98047, 810.51117, 695.5982, 1032.6145, 573.90234, 1018.1149, 692.6016, 1100.4526, 584.9836, 1095.7899]


[1, 544.86316, 452.40616, 562.7839, 433.05176, 526.112, 438.16437, 585.4559, 446.6064, 500.49524, 457.33685, 639.4967, 534.6325, 466.36847, 566.45886, 692.166, 656.90234, 461.7804, 709.44446, 673.119, 736.4779, 515.2589, 766.35693, 641.42566, 824.41785, 527.1212, 835.2107, 689.1598, 1058.8695, 534.3815, 1063.991, 693.5165, 1095.7354, 546.1925, 1074.9358]

[1, 727.6571, 450.99054, 748.7001, 436.57532, 713.7435, 431.01538, 773.9264, 459.71478, 689.1495, 446.25424, 794.08356, 566.4422, 629.3094, 530.5238, 808.437, 706.96704, 576.5354, 663.34564, 769.5974, 765.23425, 607.7634, 721.1215, 725.81635, 814.38477, 614.0119, 803.7023, 730.4135, 1037.3303, 583.85895, 1039.2928, 737.3153, 1100.8287, 588.3558, 1100.2698]


[1, 760.0403, 451.09735, 782.6387, 436.81665, 747.1117, 430.42963, 806.4418, 454.6377, 723.44775, 440.44064, 830.51355, 555.55524, 661.0254, 522.4684, 839.5053, 703.0065, 602.0438, 651.48627, 794.654, 762.35645, 632.58374, 745.05774, 741.47034, 812.7073, 630.8823, 802.2851, 742.644, 1053.0579, 590.4644, 1041.3218, 742.95276, 1101.6226, 587.81824, 1104.3273]


[1, 539.51245, 445.8393, 552.79297, 425.8925, 518.1265, 432.89703, 576.1711, 437.42523, 493.89764, 453.5222, 643.9873, 523.40344, 469.68115, 570.8285, 699.1798, 646.7996, 475.74918, 714.9945, 686.70703, 715.5864, 521.16425, 760.0818, 662.76215, 824.8274, 543.83716, 837.8993, 715.57947, 1056.9274, 542.3094, 1060.9153, 729.1834, 1097.1458, 729.4212366129077, 1097.3835779215015]


[1, 533.8552, 445.02753, 547.81665, 423.297, 512.64, 432.69333, 577.8628, 435.38937, 492.10474, 452.62915, 647.0519, 528.05963, 473.07654, 575.4949, 710.28564, 653.5688, 480.11673, 708.0121, 686.91315, 731.234, 516.4465, 747.9535, 662.444, 804.1466, 552.0991, 817.627, 715.17145, 1039.5724, 547.98816, 1055.9182, 733.2671, 1117.8087, 564.0425, 1075.2281]


[1, 787.4214, 449.86584, 808.6786, 435.6643, 773.25977, 432.04037, 831.9342, 454.47052, 750.47925, 444.6765, 858.7157, 554.2369, 689.9989, 523.4022, 859.9995, 707.35175, 631.3723, 652.0166, 825.75793, 765.18463, 656.27405, 715.07477, 781.584, 829.7964, 667.02136, 812.3181, 781.6104, 1062.1797, 604.4852, 1036.8325, 777.4439, 1089.4264, 590.8229, 1083.167]


[1, 603.40265, 449.7502, 618.1599, 431.8524, 582.36383, 434.42517, 638.93823, 447.49295, 556.53784, 453.00916, 686.9488, 538.43805, 524.0941, 552.50433, 725.41815, 663.74786, 501.6532, 685.5476, 700.985, 747.3504, 534.7941, 762.3916, 665.8773, 816.93616, 556.7254, 825.14246, 688.5601, 1057.4911, 550.6347, 1059.1426, 694.2261, 1107.8054, 590.0516, 1102.3483]


[1, 621.0665, 459.97205, 638.802, 440.238, 601.5752, 441.987, 662.2031, 455.62225, 577.4261, 459.66345, 710.4402, 544.0943, 536.41797, 555.65247, 749.12976, 675.11505, 520.7078, 689.6799, 719.0461, 759.25323, 550.24927, 740.5942, 680.44464, 824.78827, 570.3054, 829.99146, 677.7051, 1055.5112, 561.50934, 1056.1558, 683.41455, 1103.1606, 597.0332, 1091.9768]


[1, 625.96405, 455.79572, 644.61694, 436.8457, 606.85333, 437.40842, 673.4999, 450.58426, 585.75714, 453.90607, 720.6627, 544.3133, 541.668, 555.0875, 758.87823, 683.396, 525.6959, 685.00134, 724.4891, 759.5846, 556.55853, 745.3412, 685.5613, 834.573, 573.39105, 842.8312, 677.8561, 1059.7937, 568.99243, 1061.3525, 688.7412, 1104.1827, 601.2253, 1097.0447]


[1, 627.2644, 450.35413, 647.8297, 434.81778, 610.82745, 435.77386, 681.57806, 449.2709, 597.45483, 453.18402, 728.7525, 543.282, 552.28723, 549.99097, 761.99963, 683.8489, 530.525, 689.26025, 729.29517, 756.6812, 557.74695, 743.84546, 685.89233, 831.82056, 580.15955, 840.35614, 681.4688, 1058.4272, 577.07684, 1058.6158, 687.6056, 1103.1467, 602.5393, 1092.9237]


[1, 668.91473, 453.3941, 688.94995, 437.19815, 651.9691, 438.48465, 711.3353, 451.68207, 628.58167, 455.95013, 757.18134, 549.23773, 582.24146, 547.4242, 786.5197, 683.7565, 554.39404, 688.5093, 759.50757, 763.1306, 582.1809, 748.79486, 715.624, 819.2815, 607.20325, 822.27014, 718.70654, 1047.2543, 594.65295, 1048.5275, 708.15906, 1119.5106, 616.0789, 1106.6295]


[1, 737.707, 452.57928, 759.21326, 438.78506, 725.2263, 434.4239, 787.62445, 457.0514, 706.706, 446.01495, 824.45624, 555.7165, 645.5618, 535.58386, 842.26587, 706.2204, 600.33075, 658.2034, 797.66785, 762.0187, 620.28485, 750.4789, 743.4461, 820.6176, 634.0252, 805.3424, 736.6092, 1046.3777, 608.6732, 1030.3435, 722.411, 1110.1571, 613.64575, 1088.3547]


[1, 616.16815, 454.07935, 634.0731, 434.35406, 596.7616, 438.08752, 659.97644, 447.3318, 579.5857, 455.94757, 715.244, 534.5677, 545.53815, 555.4827, 759.7647, 660.34546, 524.9026, 684.0146, 738.0819, 741.7956, 549.6874, 738.82654, 688.61176, 814.0305, 586.27576, 819.6936, 702.11194, 1024.2894, 591.01495, 1030.7709, 701.2509, 1111.1516, 612.95465, 1098.6382]



[1, 577.1491, 449.57422, 590.77203, 428.8673, 556.27423, 432.50974, 617.04834, 444.2175, 535.56696, 452.9399, 680.68665, 531.87506, 509.8358, 567.1898, 735.2991, 659.31885, 507.35077, 705.1709, 702.4813, 756.5083, 544.61066, 747.7113, 675.38214, 816.3812, 566.91986, 824.5762, 707.5021, 1056.0016, 575.1715, 1056.0015, 721.2418, 1106.7788, 610.0912, 1088.4719]


[1, 748.472, 441.77026, 769.4867, 428.3872, 734.9887, 426.34058, 797.378, 449.16718, 720.23816, 439.0559, 839.8868, 550.7506, 668.37616, 534.3096, 860.3358, 687.43604, 626.39276, 667.5812, 828.7201, 764.0396, 638.22565, 732.7139, 773.21826, 826.6793, 664.4036, 816.67847, 776.5781, 1055.9862, 627.2977, 1028.9728, 767.88184, 1114.9755, 622.1931, 1084.1743]


[1, 638.4783, 477.29935, 656.3624, 455.83356, 618.8314, 461.8031, 688.15173, 462.81113, 606.58435, 474.6446, 745.01843, 545.1655, 582.04285, 567.52625, 789.6096, 679.657, 582.83673, 697.4039, 747.21655, 770.6874, 620.24133, 796.8096, 713.99097, 822.17676, 615.919, 829.4044, 749.9994, 1065.0488, 649.2781, 1056.2227, 649.848396595318, 1056.792976673443, 649.2884218441293, 1056.2330019222543]


[1, 618.13464, 480.61163, 635.2801, 458.6178, 596.5758, 466.5666, 658.4813, 460.5499, 579.4705, 482.3266, 714.7117, 543.5281, 565.4983, 576.2457, 765.00085, 676.5583, 578.05164, 711.8972, 717.2352, 778.4999, 606.50507, 817.23975, 703.7571, 816.31824, 608.11597, 824.2618, 737.1475, 1057.5167, 636.5542, 1067.2769, 737.5353, 1101.057, 738.3748872803798, 1101.8966157960049]


[1, 669.80927, 455.75912, 689.9708, 437.69202, 657.0736, 442.53998, 719.7029, 446.11237, 645.97363, 451.67004, 762.4243, 527.54285, 637.49646, 533.1975, 799.9038, 672.0069, 644.72424, 647.42645, 764.8711, 763.13324, 660.18787, 791.44885, 728.2696, 819.4952, 640.3394, 817.40356, 755.897, 1069.4384, 665.4192, 1062.9692, 665.789442719514, 1063.339491547639, 665.5466348533479, 1063.0966836814728]


[1, 613.43195, 478.15515, 620.5396, 457.5836, 591.1466, 464.2871, 660.05646, 463.97153, 587.921, 473.09747, 684.36346, 524.8388, 627.0366, 549.40674, 747.91724, 642.9967, 639.42834, 665.4552, 651.21204, 690.56506, 585.653, 700.4507, 684.4058, 806.3458, 645.14954, 808.0604, 656.998, 1040.8293, 646.4355, 1037.9421, 647.0278162897239, 1038.5344691217551, 646.4997511250605, 1038.0064039570918]


[1, 561.8443, 654.69324, 576.89825, 628.834, 540.3039, 642.2152, 616.22186, 637.39075, 539.1693, 660.86475, 643.0643, 716.9818, 608.2651, 726.3439, 580.6074, 872.7606, 578.65894, 861.6217, 503.97827, 828.0831, 504.5501, 830.7394, 770.5264, 953.93365, 730.7788, 951.20087, 590.9928, 1107.6943, 574.5704, 1102.3873, 574.8530705841935, 1102.6700261505998, 575.3794106014218, 1103.196366167828]


[1, 609.31256, 534.4813, 623.46643, 509.19098, 588.2409, 518.2991, 662.48596, 514.83777, 582.8684, 532.5389, 683.5526, 578.347, 623.8337, 614.31116, 686.75385, 717.59937, 585.65314, 745.31464, 580.5502, 682.2222, 567.0134, 683.93604, 752.3955, 879.3849, 694.94995, 887.354, 635.61804, 1098.9266, 602.32495, 1074.1965, 602.344138020891, 1074.215720052141, 603.2640217370304, 1075.1356037682804]


[1, 615.9347, 450.58942, 635.73346, 432.06082, 606.1021, 434.84238, 680.5856, 437.41895, 614.64746, 441.61597, 705.3241, 507.88998, 670.4369, 528.8418, 641.7172, 679.3286, 615.25146, 685.86316, 574.3948, 612.405, 574.992, 612.43555, 713.7204, 849.0854, 685.1133, 849.0298, 722.1892, 1112.1752, 684.3747, 1103.367, 685.270406629616, 1104.2626551647722, 685.245617325247, 1104.2378658604034]


[1, 534.8199, 743.4753, 549.02856, 717.22565, 518.5525, 729.0984, 599.2209, 720.2121, 523.6541, 740.34546, 637.27026, 786.6712, 599.0156, 802.1714, 558.36633, 1041.067, 570.28107, 950.0746, 523.5143, 907.6521, 533.22363, 905.5826, 798.81494, 1042.1215, 757.6366, 1033.6333, 557.8149, 1097.7843, 544.88477, 1088.5858, 815.22797, 1092.7068, 815.9753581167452, 1093.4541789175264]

[1, 640.0332, 445.7874, 660.7777, 424.4143, 622.79443, 427.2798, 694.949, 439.28952, 617.1082, 442.9356, 708.95807, 519.8435, 665.7276, 540.76666, 681.7754, 687.3021, 631.742, 702.96155, 586.4446, 644.3829, 578.45105, 652.5799, 699.0497, 848.486, 665.5381, 848.2447, 721.86804, 1110.5658, 676.02356, 1102.9841, 676.6732510414625, 1103.6338223305252, 676.6639091787843, 1103.6244804678468]


[1, 671.474, 464.3302, 692.33093, 445.43686, 652.86707, 447.1298, 716.61835, 459.56677, 629.94684, 462.82892, 764.2036, 546.4037, 593.6694, 563.979, 801.5425, 681.22687, 568.8341, 702.91656, 791.41754, 768.86414, 527.07385, 796.8203, 728.7484, 820.75684, 622.7368, 825.7843, 728.1754, 1067.9324, 597.69775, 1068.4067, 598.2038165061801, 1068.9128008811801, 598.086290975511, 1068.795275350511]

[1, 662.1222, 460.53116, 680.1338, 441.79486, 641.1969, 442.2792, 702.1599, 453.51486, 614.9633, 459.09897, 741.29846, 548.29095, 577.80774, 556.5697, 810.1283, 673.37946, 551.25775, 682.7936, 884.32764, 737.37244, 518.72986, 753.302, 734.15515, 824.3865, 634.6701, 829.9496, 737.9174, 1068.1873, 644.6975, 1064.6522, 733.04376, 1112.7598, 688.4927, 1107.5487]


[1, 647.20105, 441.59164, 665.0774, 425.38568, 628.43317, 425.96582, 691.63696, 438.84155, 605.9795, 443.17184, 740.4332, 532.1011, 572.4834, 535.66986, 766.61993, 684.0899, 547.2135, 679.20715, 743.7008, 789.0758, 538.87506, 788.3236, 696.91254, 821.64624, 589.13934, 823.97455, 697.4576, 1060.4591, 603.0356, 1060.4773, 603.7313738747159, 1061.1730853004972, 603.146110605515, 1060.5878220312961]


[1, 624.9724, 425.6573, 640.48645, 409.53033, 606.9414, 411.54327, 663.29395, 421.5982, 585.5654, 428.76587, 706.2927, 518.13104, 554.6086, 526.8918, 738.7499, 643.7249, 520.4348, 634.9138, 743.7259, 716.54425, 495.77756, 733.6804, 678.7091, 779.27606, 574.4964, 781.4044, 654.6801, 1032.4412, 585.0044, 1023.4126, 585.1252750708381, 1023.5334781958381, 585.4640065586858, 1023.8722096836858]


[1, 609.6989, 394.82895, 628.00543, 380.23865, 593.7821, 381.86002, 649.21625, 395.17166, 570.6692, 398.13177, 712.8815, 481.4056, 521.813, 482.64905, 805.73706, 568.50824, 435.68173, 584.2147, 812.78436, 494.65582, 384.51874, 487.0544, 669.07135, 753.9234, 561.0367, 756.24927, 709.0225, 1009.8779, 533.9839, 1023.6401, 534.7645206051452, 1024.420709569989, 534.4160754293224, 1024.072264394166]


[1, 610.843, 495.91934, 624.6991, 483.02362, 594.6846, 477.0692, 650.19543, 501.59134, 572.6045, 499.01898, 693.6787, 575.3348, 511.75854, 569.05566, 803.3954, 501.9214, 406.753, 522.7125, 754.5088, 386.38898, 415.6504, 397.30048, 672.1384, 860.4889, 544.1248, 861.9823, 746.25195, 1114.9319, 495.06256, 1103.7828, 495.2445338663166, 1103.964809745223, 495.12418809360605, 1103.8444639725124]


[1, 613.80554, 408.68332, 635.84454, 391.70923, 596.68713, 392.3315, 657.9284, 411.10104, 573.5082, 408.8036, 705.23346, 504.48178, 525.2688, 495.37915, 816.6568, 559.0762, 430.60593, 580.90826, 859.4745, 457.81143, 354.75244, 489.8886, 671.1614, 779.1452, 562.90356, 780.92554, 703.6841, 1026.9247, 517.52246, 1034.1498, 517.8235993439702, 1034.4509186799075, 518.3921223459024, 1035.01944168184]


[1, 619.31757, 405.49536, 635.8711, 387.7876, 601.28906, 388.7707, 655.3673, 407.2301, 577.9754, 406.23724, 702.7408, 503.93475, 529.3442, 510.43256, 753.15216, 634.2925, 484.88806, 638.8212, 798.99097, 656.64825, 429.7373, 683.61383, 677.44354, 760.92664, 567.81714, 763.66394, 669.9729, 1011.0794, 553.5125, 1006.81024, 656.70764, 1112.4364, 576.9795, 1132.4523]


[1, 620.9844, 458.93243, 640.6892, 441.36713, 605.0434, 439.61682, 661.0418, 461.1569, 579.9921, 459.54282, 703.3448, 553.0067, 541.74744, 553.17926, 726.4447, 663.6592, 523.74585, 680.7861, 733.8889, 763.09985, 525.6903, 773.8467, 672.8619, 812.3252, 565.31476, 810.47723, 659.61926, 1067.8762, 570.8329, 1063.1077, 596.8979, 1107.0848, 597.8248027655162, 1108.01175344911]


[1, 617.1032, 404.83417, 637.66425, 387.7908, 602.7177, 386.15088, 655.0965, 413.3464, 575.86584, 409.0071, 698.2526, 502.45203, 529.62354, 503.56396, 771.90924, 625.7783, 461.45615, 643.9402, 807.91077, 619.02277, 426.753, 637.12915, 674.3385, 749.4617, 570.0665, 751.505, 668.4675, 1010.234, 565.20215, 1008.88153, 655.97217, 1112.5697, 582.9975, 1124.1156]


[1, 630.0622, 431.919, 643.5617, 420.96265, 611.53546, 419.88855, 664.58875, 450.49103, 588.33984, 442.8147, 716.4293, 536.13464, 529.7184, 525.4974, 834.0425, 550.10614, 417.35812, 556.3073, 799.5444, 429.6127, 412.15225, 426.04474, 687.33594, 789.86505, 569.36096, 789.223, 736.1913, 1058.868, 526.0065, 1054.2205, 526.2409374897268, 1054.4549267475393, 526.1674206400008, 1054.3814098978135]


[1, 628.14246, 467.32742, 643.46313, 457.1018, 611.2551, 456.02414, 665.43164, 484.69586, 581.2066, 478.81097, 721.6837, 566.6399, 521.6841, 552.6925, 832.61957, 510.38312, 406.26624, 509.2497, 784.36835, 391.6011, 421.02808, 375.52393, 694.9964, 871.09033, 559.5503, 869.686, 755.6156, 1112.042, 530.0444, 1112.7291, 530.8446304678674, 1113.5293838858363, 530.4513705514112, 1113.13612396938]


[1, 633.3912, 397.61572, 650.1488, 385.7057, 614.82495, 387.05133, 676.0084, 414.91956, 589.2671, 414.33478, 740.34766, 505.85767, 527.38184, 502.7027, 856.2859, 483.03113, 406.58234, 504.36978, 856.745, 382.40906, 388.2129, 366.7978, 683.407, 794.1943, 567.5804, 796.52374, 744.655, 1062.9812, 524.2941, 1058.1179, 525.0613524011864, 1058.8851439050925, 524.7384654991147, 1058.562257003021]


[1, 617.34625, 409.9185, 634.6135, 391.03247, 598.46, 390.4202, 655.1207, 408.88766, 577.175, 406.10736, 700.91846, 497.83066, 526.9517, 499.90735, 781.3063, 616.33496, 463.405, 621.6012, 837.84766, 620.106, 388.97977, 639.7573, 666.0504, 775.06464, 557.2046, 779.48724, 679.04694, 1030.4271, 546.9962, 1040.7361, 547.5407536013807, 1041.2806217654431, 547.4811079966572, 1041.2209761607196]


[1, 635.45874, 489.31625, 651.0821, 467.80133, 615.23566, 466.6723, 670.90344, 482.11957, 587.25415, 480.4971, 713.04675, 563.29175, 542.28754, 571.6269, 789.2176, 643.4601, 483.8429, 702.17944, 709.88574, 554.17017, 543.0889, 594.7259, 688.95215, 864.40796, 567.19446, 870.1229, 744.3579, 1098.9281, 572.6464, 1111.8904, 573.3858400787893, 1112.6297975983205, 573.5978032002055, 1112.8417607197368]


[1, 684.84814, 446.50665, 689.0504, 437.5438, 664.5292, 438.51132, 672.23566, 448.1184, 617.2753, 451.40137, 688.21765, 527.4955, 595.0286, 547.40717, 763.6116, 623.91876, 644.0498, 679.9755, 743.3324, 565.2603, 739.86566, 560.1773, 772.1138, 822.1134, 685.7327, 833.32776, 792.90027, 1098.0632, 614.5159, 1090.183, 798.54785, 1095.1134, 615.4052, 1079.4049]

[1, 632.0221, 481.39044, 635.24286, 453.21136, 610.8462, 468.72528, 659.4327, 452.69812, 589.97534, 488.8504, 750.34485, 522.4511, 581.35034, 594.22266, 820.26746, 604.3515, 593.16125, 725.5049, 732.4657, 547.66626, 607.1982, 604.8819, 766.4159, 850.8873, 648.8574, 855.08905, 761.716, 1117.4604, 588.8864, 1109.7753, 589.365329544972, 1110.2541845254407, 589.0946195943085, 1109.9834745747773]


[1, 639.1889, 431.48114, 656.22437, 410.26382, 617.21173, 417.67117, 692.754, 420.8878, 603.2357, 435.92535, 735.3631, 497.79968, 617.5988, 545.8302, 788.6685, 600.70264, 627.9571, 694.96796, 731.82074, 522.88696, 578.52185, 686.5616, 742.67706, 835.6721, 627.7617, 833.7429, 746.72217, 1112.2645, 596.6626, 1104.2206, 596.9289648415353, 1104.486948239973, 597.4366397735201, 1104.9946231719575]


[1, 784.724, 391.6729, 800.68365, 375.1512, 761.6737, 374.25946, 817.36316, 394.20642, 725.4525, 398.62433, 873.7883, 511.03204, 676.49567, 531.3423, 926.33417, 656.4267, 667.0564, 699.78076, 930.0206, 783.916, 712.52985, 850.9335, 859.4957, 827.818, 743.83026, 837.8918, 865.6775, 1096.0979, 751.04376, 1092.3413, 725.5858, 929.72375, 725.6215615338151, 929.7595009869401]


[1, 685.3616, 458.93256, 710.70435, 443.52478, 670.2388, 444.19876, 739.5651, 448.95413, 649.8766, 454.29602, 788.3849, 535.20624, 608.8799, 547.1426, 897.72754, 650.21545, 522.9336, 652.107, 859.91486, 616.5245, 507.6358, 621.4414, 784.5304, 825.2286, 644.0341, 825.2418, 695.67535, 681.97424, 668.3911, 669.51794, 725.2263, 988.6681, 724.0394, 991.6262]

[1, 762.5394, 426.60068, 783.2812, 413.76083, 747.8073, 407.66577, 799.3695, 437.5316, 719.63696, 424.1812, 816.10425, 551.8779, 666.62506, 509.62994, 846.3279, 689.9206, 598.282, 648.7108, 845.53784, 703.0213, 602.3882, 749.4445, 803.3432, 815.91925, 690.18646, 811.53613, 828.9219, 1079.5396, 688.8307, 1061.7101, 689.3654073705144, 1062.2448019017645, 689.0938957492394, 1061.9732902804894]


[1, 774.0864, 435.13605, 793.6169, 422.9818, 758.7715, 414.33505, 806.0003, 439.48126, 724.10736, 423.29343, 817.3213, 541.6261, 667.91656, 509.17175, 820.0879, 678.26843, 675.0386, 673.4645, 851.48376, 810.8601, 754.5267, 828.5576, 794.0541, 847.7428, 693.865, 847.29034, 794.15106, 1098.83, 718.73926, 1095.8293, 719.0619867679501, 1096.152074658575, 718.8720142206496, 1095.9621021112746]


[1, 687.4561, 430.03143, 706.10815, 413.67792, 667.5186, 413.953, 727.8203, 431.5521, 641.94934, 433.91876, 783.57056, 534.3989, 598.3831, 546.82, 816.0542, 691.4466, 587.5691, 706.31104, 805.6156, 832.9733, 612.3457, 842.03156, 761.67053, 833.89105, 651.1862, 834.92554, 757.98834, 1081.92, 669.2091, 1073.114, 669.302369484908, 1073.2072767114705, 670.0428467338442, 1073.9477539604068]


[1, 700.23193, 434.5362, 717.54846, 418.5271, 678.9291, 419.25705, 736.6041, 432.27417, 649.85486, 435.6575, 792.0602, 530.5795, 606.0896, 547.52496, 818.8391, 698.81433, 594.15497, 709.3165, 808.9292, 845.244, 612.85657, 840.0249, 760.9348, 830.55786, 656.4953, 833.30176, 758.9955, 1080.9491, 672.99817, 1073.0088, 673.5670155028808, 1073.5776356200683, 673.103864784385, 1073.1144849015725]


[1, 750.13403, 455.49008, 770.5292, 438.76648, 736.7357, 438.36755, 796.07446, 455.78687, 716.3028, 452.2483, 833.18054, 556.65686, 668.08624, 542.0586, 854.1011, 699.61926, 635.7195, 679.7873, 840.9244, 831.19543, 637.07715, 807.33856, 782.47314, 829.22614, 679.8282, 818.9802, 778.2606, 1065.2118, 694.40314, 1054.5715, 695.3223619871619, 1055.4907579832557, 694.8533359515017, 1055.0217319475953]


[1, 685.65564, 481.54517, 701.8573, 463.87115, 666.24603, 466.45105, 724.88556, 477.91162, 646.3439, 484.28552, 783.88745, 553.9661, 621.93164, 578.9969, 818.7831, 684.53735, 607.8079, 707.09143, 826.094, 777.73126, 603.04266, 815.8017, 766.5796, 829.6691, 665.4009, 833.70703, 757.3825, 1056.1073, 686.0276, 1036.481, 712.92084, 1096.229, 713.1375519324954, 1096.4457184364016]


[1, 729.7235, 466.4167, 746.75446, 450.73895, 710.725, 449.77612, 772.5365, 471.13202, 689.3048, 468.6847, 821.23816, 562.1485, 645.80615, 563.432, 841.75867, 712.75696, 623.02637, 695.8362, 811.2964, 810.3619, 624.4462, 815.8593, 767.13617, 814.29626, 663.8452, 817.3804, 761.11865, 1056.1023, 686.0768, 1044.6923, 686.6232658075397, 1045.2387443231646, 686.6553036200422, 1045.2707821356673]


[1, 615.31433, 502.8089, 623.30164, 488.17694, 602.3381, 497.30066, 659.0637, 497.23996, 596.20764, 511.25656, 733.0746, 544.96216, 570.0578, 612.14685, 773.41565, 571.6505, 519.6685, 680.332, 631.3998, 523.10754, 514.7203, 584.9078, 737.3767, 779.89417, 652.50793, 810.1995, 640.45624, 985.4774, 621.42847, 992.6583, 802.30536, 1114.5032, 802.7009466713889, 1114.8987616127952]


[1, 616.81165, 435.70673, 634.1265, 417.05368, 594.0023, 419.84045, 657.5737, 432.76993, 569.79254, 444.3661, 716.1199, 516.88, 536.65356, 557.7186, 777.827, 668.0619, 540.0257, 734.8218, 736.03625, 683.39935, 632.4911, 707.8856, 721.3775, 834.22107, 611.555, 844.39087, 728.1947, 1099.2479, 628.4259, 1095.0485, 716.6773, 1097.2915, 660.8718, 1095.5859]


[1, 726.0321, 446.64423, 743.096, 432.5079, 709.0661, 430.7052, 767.54333, 451.31512, 686.2515, 448.8128, 814.3501, 546.4625, 643.12695, 550.4303, 831.67114, 704.5978, 617.45026, 681.1667, 810.2997, 824.7014, 591.7712, 803.7676, 751.8181, 812.56775, 652.5253, 808.35486, 744.7062, 1033.5863, 644.86926, 1027.0957, 737.83234, 1124.8167, 657.98755, 1127.4047]


[1, 616.7272, 485.76056, 636.36926, 466.82556, 598.7289, 471.35315, 653.31226, 474.3402, 583.866, 488.57617, 713.2385, 540.8154, 565.708, 585.0552, 751.03424, 677.55743, 552.15894, 697.62787, 744.6002, 787.94495, 510.26993, 799.13116, 705.46356, 816.1343, 613.1725, 827.4887, 701.1378, 1026.4355, 641.8167, 1022.96826, 660.986, 1095.1973, 661.1954846149719, 1095.4067272907532]


[1, 646.48694, 442.04187, 664.75305, 426.7572, 628.706, 428.15454, 694.89453, 441.83514, 609.35986, 448.71344, 743.69476, 539.2013, 581.41547, 551.20984, 768.7892, 678.2419, 550.2598, 679.59485, 747.4255, 802.2004, 499.56427, 731.9658, 688.2026, 824.64386, 585.67755, 816.9934, 671.5431, 1057.1971, 593.9685, 1056.7999, 663.0359, 1104.7119, 616.45026, 1099.686]


[1, 601.2892, 436.51486, 616.90216, 421.413, 578.99695, 423.50952, 642.62024, 433.65677, 555.87964, 441.23267, 693.0304, 529.83765, 516.19434, 545.3691, 717.446, 694.339, 495.0396, 697.4208, 706.9159, 829.4142, 496.17307, 836.59515, 654.29407, 809.0515, 550.63416, 816.6108, 657.3014, 1054.43, 556.3298, 1060.9617, 664.02435, 1105.4863, 599.2667, 1097.9164]


[1, 673.64105, 464.50446, 696.6022, 444.79822, 658.99475, 441.8138, 717.14716, 459.29398, 630.89703, 451.05603, 755.5179, 560.9219, 572.33484, 553.9431, 764.2231, 709.7309, 484.25177, 692.7864, 766.39526, 815.374, 407.0169, 797.662, 738.2916, 814.6013, 642.20764, 825.04913, 746.6328, 1078.9232, 704.46625, 1075.483, 730.83167, 1068.6006, 727.30005, 1073.2567]
