
[1, 218.66592, 617.9301, 210.2491, 601.7733, 207.77661, 601.8983, 235.43057, 581.9332, 233.02016, 583.83435, 327.79385, 596.2245, 349.28888, 566.24536, 426.74817, 743.9731, 427.91956, 715.08545, 409.4436, 934.7389, 419.71585, 848.09924, 637.3376, 700.1262, 641.2787, 683.9219, 804.728, 818.2317, 806.9407, 800.52637, 1089.726, 829.64545, 1080.6558, 815.41345]

[1, 259.25198, 639.2269, 241.10632, 633.88947, 240.06126, 633.3953, 255.49576, 583.3378, 249.8978, 582.9807, 351.91745, 580.2804, 365.9163, 566.5751, 402.59827, 760.8563, 412.1291, 724.6768, 398.28802, 948.1475, 424.7458, 877.293, 654.3403, 670.9364, 652.1872, 658.1975, 872.86835, 775.5317, 869.5248, 760.5519, 1094.2117, 830.3592, 1061.1978, 804.8369]


[1, 242.26967, 633.2706, 226.1531, 617.792, 225.90817, 615.5244, 251.81639, 575.51416, 244.56038, 571.05316, 370.12628, 581.61145, 377.1268, 565.55145, 410.82104, 762.7756, 414.60037, 725.1177, 406.5689, 952.78406, 423.199, 883.7631, 659.03186, 680.9818, 664.4147, 668.34546, 876.50964, 777.1966, 867.3639, 761.52313, 1102.885, 832.5093, 1063.0226, 801.3811]


[1, 238.31084, 614.9889, 226.45068, 591.62976, 226.1335, 590.49646, 267.48645, 553.0816, 262.11755, 551.05237, 377.23627, 580.27704, 383.14014, 573.79663, 408.9566, 763.35077, 412.81024, 733.27454, 411.8473, 955.46387, 415.9286, 892.5703, 655.9479, 684.5952, 660.80774, 675.53314, 881.0847, 778.2682, 871.30707, 764.85095, 1092.5176, 833.1356, 1061.5544, 801.7022]


[1, 272.82822, 671.06067, 252.86145, 667.29034, 251.54239, 666.3678, 257.1434, 609.2695, 248.2713, 610.8603, 367.4504, 576.359, 365.18427, 569.945, 408.12088, 759.7728, 410.27347, 728.37756, 406.87363, 952.7633, 420.33118, 883.40173, 651.6377, 681.3125, 656.622, 669.8948, 880.5737, 778.7345, 868.80035, 757.9011, 1100.1035, 830.0048, 1063.9592, 799.4107]


[1, 290.40726, 683.16785, 268.3511, 675.9663, 268.36053, 677.3258, 266.50174, 620.6918, 261.97913, 618.5868, 363.06958, 576.74036, 362.44397, 568.67065, 410.1912, 757.46027, 420.4461, 720.5719, 408.25394, 952.2395, 419.68298, 869.999, 655.4154, 680.14954, 659.0301, 667.9821, 883.6898, 776.3889, 877.3518, 760.8743, 1104.8372, 827.22, 1073.5283, 803.5607]


[1, 282.29474, 676.34735, 266.05017, 672.00226, 266.45322, 672.614, 265.56158, 615.8868, 262.84955, 615.1231, 363.36075, 573.5959, 363.72028, 570.6465, 412.44858, 756.3183, 421.33237, 722.6222, 411.67422, 951.98413, 416.91254, 871.4609, 651.775, 679.1609, 655.63873, 667.98865, 875.08984, 776.0381, 862.39374, 764.60077, 1108.9199, 830.193, 1073.9768, 813.7537]


[1, 265.59445, 668.36707, 245.57434, 659.6504, 245.8451, 659.711, 256.84802, 606.11304, 248.92867, 607.0328, 372.4405, 582.82886, 366.53668, 566.8144, 409.90637, 758.46796, 411.96396, 731.75305, 411.43738, 952.344, 417.86316, 888.2366, 651.6336, 685.98364, 660.54205, 675.47095, 879.0178, 783.4209, 869.5281, 769.1165, 1107.4148, 828.7088, 1080.0621, 805.30505]


[1, 257.89444, 668.15906, 236.97342, 656.1974, 236.21237, 657.1679, 247.76913, 600.3585, 242.3363, 602.5077, 362.3919, 580.7014, 362.87338, 568.8345, 411.63977, 754.4201, 414.16815, 729.57916, 412.41135, 949.21967, 415.84723, 889.4958, 652.81854, 684.73267, 655.9331, 676.9413, 889.1704, 784.3554, 878.57697, 767.8967, 1109.3484, 827.6352, 1080.8612, 804.60205]


[1, 257.9073, 667.8821, 237.94052, 655.7089, 238.0471, 656.2412, 251.68668, 601.3611, 247.13272, 601.8509, 366.6701, 588.5373, 364.09973, 577.8939, 409.90707, 760.68884, 410.9339, 742.8048, 413.04843, 955.65247, 415.01892, 899.8669, 650.54224, 686.8155, 656.7527, 681.19196, 882.8241, 784.0526, 871.71704, 771.96606, 1104.616, 827.5583, 1078.0142, 806.806]

[1, 271.83563, 678.24585, 250.18439, 672.09875, 248.18997, 670.70667, 256.56256, 612.9873, 249.32051, 612.17773, 365.69595, 580.7826, 360.39014, 570.68066, 412.98517, 756.77515, 412.06512, 725.2347, 412.48126, 954.3439, 415.9793, 883.7196, 650.5947, 681.4197, 652.5648, 670.5646, 880.4332, 781.30786, 872.9293, 763.06433, 1115.0823, 828.7737, 1084.0115, 803.5739]


[1, 289.41132, 687.5003, 271.52844, 684.20715, 267.7374, 682.32434, 264.7778, 622.7923, 263.87244, 624.0901, 363.15872, 573.7399, 362.02203, 567.9257, 412.2591, 755.92285, 419.3294, 720.52905, 412.44843, 949.0283, 415.77243, 866.66956, 648.1351, 676.4817, 652.18396, 667.1367, 876.42206, 777.9424, 873.2657, 762.2714, 1126.9851, 837.1863, 1080.2216, 808.58813]


[1, 240.3439, 589.23975, 236.07764, 569.6656, 236.62871, 568.0199, 271.25455, 540.94006, 267.34204, 535.7287, 372.4607, 580.6045, 380.7766, 568.6123, 412.8096, 759.4568, 421.998, 739.01843, 400.9441, 949.81213, 414.47964, 894.5086, 642.8226, 686.1205, 651.2216, 678.8329, 881.09186, 786.9504, 878.34106, 779.299, 1106.6157, 822.57983, 1087.8729, 814.88837]


[1, 242.73404, 590.95483, 233.36288, 571.282, 237.0356, 569.91174, 269.93564, 542.07184, 264.76666, 538.5714, 375.52963, 581.8072, 389.66888, 565.95605, 411.74728, 765.4315, 425.97995, 735.5012, 399.15826, 952.1783, 418.42575, 890.01215, 649.2379, 685.71765, 657.2925, 675.52216, 881.12537, 790.42957, 873.1603, 773.2457, 1122.2437, 842.6623, 1089.1196, 812.13324]


[1, 235.8425, 600.8949, 226.78307, 579.2373, 226.23358, 578.64813, 264.15707, 546.59125, 258.4997, 543.98737, 370.45486, 582.70874, 380.8577, 568.2478, 411.53174, 760.90247, 426.3355, 733.1259, 407.5946, 953.21716, 420.11298, 891.7636, 646.1229, 682.49725, 653.3479, 672.9461, 880.71014, 784.30084, 875.2208, 770.3259, 1116.1096, 837.19226, 1089.4642, 809.8837]


[1, 257.83972, 643.93896, 241.08951, 637.9141, 239.19186, 638.2116, 259.90524, 585.2705, 250.63744, 586.7306, 370.53088, 573.95056, 370.31213, 565.74066, 414.39447, 755.7172, 414.52823, 737.629, 412.08777, 952.58203, 414.5832, 889.24915, 648.00745, 680.7025, 654.36584, 672.88745, 883.92426, 786.39294, 876.3766, 768.4241, 1131.1339, 846.3861, 1086.7042, 811.562]


[1, 286.50198, 689.41956, 266.65036, 680.0311, 265.975, 684.53125, 266.97522, 621.89124, 264.72217, 621.12006, 362.056, 575.9996, 354.10547, 572.6332, 413.14285, 756.85944, 412.42612, 733.1987, 412.06607, 953.2024, 415.76685, 888.85895, 645.411, 681.3034, 648.65735, 673.98773, 883.0348, 787.19183, 877.8421, 770.26337, 1131.922, 849.00543, 1091.2732, 820.37506]


[1, 325.31567, 698.49744, 302.0636, 697.8696, 300.6924, 699.47705, 283.61148, 638.0414, 278.43518, 641.11865, 370.0324, 579.099, 363.6513, 575.65924, 413.90582, 764.55206, 413.72046, 728.1455, 402.7916, 959.24316, 414.4488, 863.6885, 649.21436, 685.31213, 652.5508, 673.59485, 882.66205, 787.2744, 877.06055, 772.9816, 1130.1028, 845.71936, 1090.8715, 817.3572]


[1, 246.31537, 647.02026, 231.58844, 639.28876, 232.26729, 638.52, 246.45653, 591.60333, 241.41223, 587.5294, 361.48706, 577.0355, 368.1634, 566.47455, 412.86493, 750.75586, 414.77026, 724.2569, 410.3678, 949.7503, 415.45172, 873.5192, 651.6299, 685.0933, 655.77356, 674.7296, 880.8092, 789.4457, 874.4028, 772.7296, 1131.078, 848.565, 1090.2343, 814.51935]


[1, 244.90805, 622.01807, 230.55283, 620.4279, 228.08943, 618.74414, 249.97673, 596.7789, 240.87177, 595.0039, 365.957, 578.2697, 377.83105, 564.88275, 416.0345, 759.8742, 425.51968, 745.0022, 416.66733, 962.4718, 418.39514, 946.6687, 714.20404, 753.57434, 728.5375, 752.2195, 616.01587, 962.6617, 605.8622, 963.5189, 439.50012, 1032.647, 440.4966898712716, 1033.6435404572092]

[1, 239.48685, 634.0333, 233.31306, 628.40955, 232.29422, 629.56354, 248.9205, 601.3804, 241.77475, 603.64026, 366.76712, 567.90344, 373.49634, 566.0916, 413.0505, 754.9784, 419.52417, 741.12274, 405.95975, 937.416, 413.44577, 927.5229, 777.9669, 769.6669, 796.0084, 787.88403, 538.2147, 1023.3505, 553.1652, 1009.46655, 555.5447, 1035.6395, 545.21844, 1049.0002]


[1, 269.4522, 669.2199, 253.37433, 666.5338, 252.09021, 666.52466, 254.98564, 610.0323, 247.57025, 611.7828, 359.4656, 571.7493, 361.53595, 567.57227, 414.61502, 758.04443, 418.3371, 733.2435, 403.00464, 954.54285, 421.2293, 890.45215, 646.7816, 682.2655, 651.84515, 672.75665, 880.58954, 787.8987, 872.13434, 768.3051, 1128.3574, 843.1587, 1086.0747, 811.4074]


[1, 269.69662, 677.95953, 253.15025, 671.8412, 250.78143, 672.3181, 253.62251, 614.63116, 249.65485, 612.2396, 366.51135, 579.75464, 358.17078, 573.73346, 413.61285, 760.2007, 409.7377, 739.67584, 406.23242, 955.7226, 413.22864, 898.3832, 648.7355, 682.39655, 651.22363, 677.032, 878.3178, 785.2194, 869.22876, 772.8651, 1110.4973, 828.5123, 1083.3933, 805.8345]


[1, 271.5064, 667.5834, 256.23746, 663.2167, 254.86174, 663.6644, 259.84555, 606.5415, 254.41315, 608.753, 366.93112, 579.55164, 362.67197, 571.27606, 415.0735, 761.5225, 415.42578, 739.72363, 400.96786, 951.537, 411.12976, 895.2168, 649.60266, 685.057, 653.3875, 678.2828, 887.00775, 784.8137, 875.57007, 769.9656, 1107.1785, 822.2864, 1082.1938, 802.398]

[1, 244.60533, 629.64105, 232.60597, 616.4442, 232.2698, 615.7992, 265.81937, 571.6137, 252.26775, 570.86066, 379.6689, 582.12415, 380.3615, 568.28345, 413.6878, 760.02185, 414.22214, 731.6316, 400.70056, 950.1992, 412.63782, 889.6764, 650.85693, 691.3014, 659.14795, 681.2397, 875.4904, 782.75684, 869.04443, 771.34735, 1107.3788, 824.2405, 1084.9535, 805.1317]


[1, 244.3266, 608.5661, 232.94258, 585.6061, 233.22476, 585.74854, 265.63443, 551.0985, 262.54425, 548.8124, 378.61118, 581.41156, 381.59735, 573.68805, 414.59836, 765.2884, 415.74344, 739.14154, 413.41785, 955.36365, 414.82306, 897.52954, 653.50836, 692.7469, 656.28687, 685.1407, 885.56244, 791.17664, 879.64124, 778.8982, 1116.5496, 828.2785, 1090.2821, 813.9845]


[1, 237.24896, 610.69336, 227.6026, 597.76056, 228.62747, 596.09735, 260.9802, 558.7246, 258.89578, 556.5995, 375.67245, 583.96173, 384.57993, 572.3873, 414.68552, 767.51746, 423.15094, 740.5997, 411.5656, 956.90607, 416.34436, 895.5415, 647.4686, 694.9403, 653.933, 685.8478, 884.86646, 791.5266, 881.6858, 777.68677, 1132.7734, 836.3724, 1099.437, 821.4634]


[1, 236.03812, 610.2894, 226.5834, 596.94073, 227.81462, 595.2594, 260.95612, 560.5111, 255.8899, 557.44257, 374.36948, 584.9334, 382.4268, 575.41516, 408.64804, 763.3496, 414.8493, 739.7169, 398.4407, 956.10767, 411.79898, 898.9263, 650.64465, 689.91504, 653.32574, 684.2056, 891.73816, 790.8023, 887.87897, 782.05566, 1134.676, 840.24225, 1102.7583, 829.17847]


[1, 239.83855, 618.17084, 229.55661, 603.0194, 230.3728, 602.0735, 263.87402, 563.9656, 257.5247, 561.50476, 377.6585, 585.60126, 383.39203, 576.21857, 414.52856, 763.5348, 416.06085, 738.3391, 412.72885, 954.3963, 411.5326, 893.8915, 653.7434, 693.42566, 657.25183, 686.1095, 893.6871, 792.0044, 891.3237, 781.39124, 1133.462, 852.9652, 1097.6434, 828.3145]


[1, 253.7364, 648.22723, 235.15936, 637.5882, 234.14755, 636.71655, 246.69365, 587.817, 241.88261, 587.9591, 367.42084, 584.30786, 369.80377, 571.84064, 411.6545, 763.92267, 418.14407, 741.73145, 398.93958, 957.6063, 412.52686, 892.5725, 647.2235, 701.40454, 652.8313, 695.7712, 884.1287, 791.83624, 880.1977, 789.663, 1157.4692, 880.6769, 1108.3832, 838.35974]


[1, 261.7703, 661.72437, 241.28891, 656.8525, 240.44315, 659.42285, 250.28949, 596.1182, 244.67589, 601.6798, 359.0121, 578.5192, 362.16904, 571.848, 412.0669, 757.0614, 420.74146, 731.915, 409.6006, 954.757, 412.8559, 886.6696, 644.69904, 697.94226, 652.2016, 695.55066, 886.6705, 793.7444, 880.8251, 788.71277, 1154.2344, 868.1124, 1119.8241, 845.109]


[1, 266.95642, 670.15454, 246.34277, 659.4979, 246.38351, 662.5028, 257.98682, 597.283, 251.38885, 602.39496, 370.61365, 578.8485, 361.73373, 578.10724, 411.15057, 758.2425, 410.91736, 743.2185, 409.96555, 947.3229, 405.6696, 895.1434, 649.4915, 696.8684, 652.7904, 697.42847, 885.50653, 790.7379, 870.22754, 788.15497, 1134.4851, 853.0646, 1103.499, 834.16266]


[1, 261.0661, 663.92993, 245.36902, 659.22784, 244.83405, 661.89886, 258.9559, 597.05756, 251.21701, 602.3217, 368.14514, 577.12555, 358.28528, 576.28064, 413.3847, 756.724, 411.14374, 743.80853, 409.5041, 952.09595, 413.89648, 904.47174, 651.4667, 700.932, 653.1874, 698.6911, 886.4678, 796.5411, 875.0821, 788.81885, 1137.4785, 855.3228, 1107.3013, 841.45544]


[1, 268.35355, 671.60095, 247.83173, 662.0565, 247.06238, 663.98834, 256.89673, 600.892, 249.25491, 605.8804, 366.75748, 582.5645, 367.42035, 576.5187, 413.7608, 757.71356, 415.1289, 734.13605, 399.6194, 951.61066, 412.2895, 888.73047, 652.9556, 697.0946, 656.65955, 691.2029, 886.8323, 791.8934, 883.86566, 781.1016, 1103.1389, 839.0362, 1083.9314, 818.5953]


[1, 259.7211, 651.89856, 241.75879, 642.2588, 240.60738, 641.44543, 255.19362, 590.0494, 249.8021, 591.0556, 372.7733, 577.8645, 372.38235, 573.01733, 416.32968, 769.7003, 418.80206, 743.12134, 401.33395, 962.7289, 408.805, 890.0805, 652.5659, 703.6858, 656.2427, 695.711, 877.738, 787.4924, 864.9661, 784.67834, 1127.0326, 845.0718, 1087.7026, 824.5929]


[1, 278.5458, 666.1836, 261.38733, 662.6716, 261.6179, 663.4137, 260.99057, 607.8404, 256.4078, 611.50073, 368.86963, 576.8613, 368.05112, 568.8716, 415.90265, 762.07825, 419.83582, 722.5278, 404.13208, 958.1476, 417.76004, 866.99036, 648.46216, 700.64514, 655.6456, 688.7354, 880.22, 793.73584, 874.4177, 782.6664, 1132.7151, 846.13196, 1098.8424, 826.2091]


[1, 278.59106, 674.58984, 260.26517, 667.97925, 260.50534, 668.2828, 262.07465, 612.4304, 257.90936, 612.31256, 365.11108, 579.7059, 366.57864, 575.83, 417.94104, 777.10547, 419.129, 743.7731, 402.38437, 959.4249, 413.1206, 884.5906, 649.8452, 698.0749, 654.9651, 688.22, 882.36755, 793.4701, 876.2971, 783.3204, 1131.3818, 843.06616, 1097.2054, 831.5009]


[1, 242.86665, 595.91846, 235.48895, 574.36444, 235.6484, 574.8873, 270.8109, 544.31604, 266.8457, 541.6698, 381.39276, 582.1299, 385.698, 574.5988, 415.65018, 781.3213, 413.40515, 750.5137, 397.59464, 961.50745, 406.67603, 894.54236, 651.21326, 702.3988, 656.07996, 692.94727, 882.3596, 790.77875, 873.19855, 783.86285, 1136.3804, 850.1455, 1107.6553, 836.5396]


[1, 243.30585, 607.4216, 233.34273, 583.65674, 233.05876, 583.53406, 267.85355, 550.82336, 264.0702, 547.6447, 377.01007, 585.26044, 387.82843, 574.5563, 412.13162, 781.21954, 420.78265, 743.53455, 399.25293, 966.6808, 414.85394, 894.97974, 652.06635, 696.67957, 659.27844, 687.2417, 879.30066, 787.6185, 875.95514, 782.4614, 1138.706, 847.8191, 1112.7256, 837.6529]


[1, 269.67496, 658.75824, 250.07718, 648.3355, 253.08852, 647.7591, 261.4646, 596.4825, 256.20312, 596.73627, 372.14615, 581.8401, 375.4308, 575.5919, 417.9634, 776.85803, 420.67987, 745.3445, 401.1596, 961.2886, 413.2801, 888.76416, 647.6483, 697.61725, 654.08417, 688.78516, 884.9177, 794.6118, 882.8972, 783.04724, 1139.8259, 845.0723, 1111.4606, 835.87634]

[1, 275.7091, 667.08875, 257.79297, 661.927, 257.31152, 662.44995, 258.29227, 607.4336, 251.62741, 610.80225, 366.03644, 579.50354, 367.57016, 571.9404, 417.2266, 767.19617, 420.79077, 734.9756, 407.25214, 963.63983, 416.825, 886.5414, 649.51746, 702.2445, 655.97107, 689.85547, 881.0891, 791.7671, 878.023, 785.05115, 1137.5865, 846.8053, 1108.3555, 835.3301]


[1, 275.33368, 667.75134, 257.60596, 663.0803, 257.3161, 663.2521, 261.00858, 608.45044, 255.37518, 609.56586, 373.9763, 580.8823, 372.72916, 578.2593, 414.09387, 782.14294, 417.81458, 749.4636, 402.645, 963.37634, 415.33997, 903.1804, 650.0398, 700.08905, 657.85315, 692.6142, 882.2423, 792.5758, 880.98016, 786.9491, 1142.4634, 848.52124, 1113.7498, 837.73346]


[1, 241.01433, 612.968, 230.90758, 602.98535, 231.43593, 602.2305, 263.35706, 568.68286, 256.59985, 567.2144, 386.7069, 586.0023, 388.16937, 575.65674, 412.95892, 777.80225, 415.45044, 747.4536, 398.46948, 965.15186, 409.68713, 896.96924, 653.1389, 707.03796, 663.5785, 702.00226, 892.31165, 791.96533, 892.38904, 787.13794, 1142.2988, 843.4575, 1113.3499, 833.2465]


[1, 232.89603, 613.9962, 222.19887, 598.0212, 222.39859, 596.8153, 261.41058, 560.11993, 255.47705, 557.7172, 376.55865, 587.51917, 385.74518, 579.5688, 413.24326, 781.38354, 416.61667, 749.1118, 401.81, 962.01526, 411.1621, 897.0089, 651.9341, 695.063, 657.6297, 686.8609, 885.08386, 787.052, 887.15466, 783.25244, 1136.6516, 845.48157, 1112.9021, 835.62524]


[1, 238.79791, 611.4734, 227.29175, 590.8938, 229.3826, 588.6017, 262.4101, 557.00616, 261.97937, 552.463, 375.63647, 586.0707, 389.3125, 575.64386, 410.48975, 785.2399, 423.66174, 758.9285, 400.84454, 969.70306, 412.33646, 897.5637, 653.11755, 702.6875, 660.3425, 692.1821, 883.2903, 792.50275, 878.298, 784.5668, 1130.5538, 843.68726, 1093.7358, 828.78186]


[1, 237.46635, 614.5243, 225.20938, 593.6181, 226.05965, 592.32385, 263.1128, 558.8604, 258.24823, 556.3059, 379.0143, 584.6606, 386.84537, 577.65814, 413.8998, 785.36536, 416.26306, 759.5993, 402.34222, 967.7296, 411.47263, 900.5481, 654.2194, 702.90356, 661.7908, 696.33594, 887.27673, 791.7931, 868.54175, 785.03674, 1133.5464, 845.91516, 1100.392, 833.52124]


[1, 239.79109, 612.7591, 229.28021, 591.2649, 231.04199, 589.6516, 264.4321, 557.4337, 259.62244, 553.62744, 378.9889, 583.67926, 387.74338, 576.8887, 413.70953, 779.13666, 415.78833, 743.5508, 402.95898, 964.0591, 412.37506, 894.2911, 656.11237, 702.83514, 663.65564, 696.2784, 887.8014, 794.9525, 883.7124, 788.453, 1139.4244, 845.7882, 1104.375, 832.3585]


[1, 241.39265, 614.8045, 230.38107, 592.5355, 231.69705, 591.0868, 263.48782, 558.99994, 261.08246, 554.458, 379.84076, 586.44836, 385.86438, 581.0941, 411.97546, 783.05054, 411.73712, 761.333, 399.1565, 965.8474, 413.0453, 906.96545, 656.0259, 698.5886, 655.5543, 691.67834, 881.6975, 788.92444, 873.38794, 785.94666, 1135.2322, 841.20294, 1096.791, 821.455]


[1, 234.99405, 617.1886, 226.03497, 601.1887, 225.98056, 600.7949, 265.64954, 561.30994, 259.6289, 561.0877, 382.19376, 587.14166, 383.5952, 579.244, 411.8553, 768.22546, 413.01642, 742.7717, 404.3753, 956.2289, 408.96155, 897.9785, 653.54663, 704.4015, 660.2109, 698.19403, 888.7664, 796.0796, 876.66064, 789.3518, 1135.4364, 847.01733, 1085.5112, 826.28906]


[1, 250.80748, 639.1212, 234.17564, 625.07196, 240.42285, 622.84546, 258.82056, 581.99915, 249.39604, 578.7176, 380.68823, 581.3647, 382.0024, 565.5133, 409.94012, 766.11816, 411.30823, 719.5812, 399.41013, 961.72754, 409.69482, 870.0508, 649.7769, 711.93427, 660.4273, 694.0516, 888.03033, 798.4179, 879.8901, 787.54407, 1133.3452, 846.09955, 1091.7437, 821.6574]


[1, 264.548, 654.4391, 245.00867, 642.6926, 243.79166, 640.9458, 258.68457, 590.1609, 253.25996, 590.004, 374.6095, 584.38544, 379.54834, 576.5661, 413.76187, 782.2067, 417.9736, 747.103, 406.8714, 964.38745, 412.57043, 892.81384, 654.7101, 704.55273, 663.1271, 697.40405, 886.00946, 793.25836, 879.0997, 786.98987, 1135.9165, 843.75024, 1095.3372, 823.2965]


[1, 270.5741, 657.88794, 253.44708, 645.9677, 255.05188, 645.60394, 263.20013, 593.73694, 256.56735, 594.7651, 376.08395, 582.86804, 375.89716, 575.2139, 412.40277, 782.18335, 415.55325, 745.05945, 403.53168, 970.1592, 410.9613, 893.89984, 656.44073, 712.3866, 660.7141, 701.9054, 884.7218, 797.8326, 882.84973, 790.0338, 1134.9636, 846.13416, 1097.0361, 831.1877]


[1, 274.1739, 664.91614, 256.65356, 660.87024, 256.72473, 660.40625, 261.40842, 607.4914, 253.37622, 608.7884, 371.4242, 584.73193, 370.0973, 571.5436, 414.08215, 768.934, 418.03186, 730.5802, 409.68616, 965.79645, 411.21005, 884.9566, 647.9708, 713.5228, 655.53723, 699.6738, 881.9667, 798.4502, 881.0873, 788.55054, 1164.1598, 892.8881, 1101.5782, 838.0103]


[1, 282.811, 679.1964, 264.73157, 670.97205, 264.86563, 670.83716, 265.3924, 616.84564, 263.70612, 614.3737, 370.00995, 583.0085, 369.27814, 576.80505, 413.57404, 782.9951, 416.90564, 746.7909, 412.18073, 964.6753, 410.34116, 891.4621, 646.60144, 709.7714, 653.2803, 701.1792, 863.6102, 789.3387, 862.54956, 783.48816, 1094.4609, 822.80365, 1087.4114, 827.92444]

[1, 289.11603, 681.3695, 270.8938, 674.3954, 269.07016, 674.85266, 269.71838, 620.7068, 267.04474, 621.23926, 369.7554, 583.2624, 369.84967, 580.6996, 414.26517, 767.2461, 420.53897, 737.7854, 409.7928, 958.3136, 424.4499, 890.0707, 648.85376, 701.87915, 657.16705, 689.1602, 878.6315, 791.86646, 879.1902, 786.31396, 1121.9017, 838.23737, 1091.2175, 821.7022]


[1, 245.61537, 639.58496, 230.71837, 625.5447, 236.71826, 624.25366, 260.7726, 584.26135, 253.65913, 581.61707, 381.34445, 583.6605, 380.07568, 572.8137, 416.0881, 763.68805, 417.71545, 735.23376, 402.12134, 955.078, 413.10196, 876.3315, 651.5136, 713.7304, 661.5322, 703.739, 872.94183, 792.5406, 866.1038, 788.8628, 1100.7408, 830.45544, 1077.5844, 818.2828]


[1, 268.07904, 664.9126, 246.20596, 655.4236, 246.15485, 656.6321, 254.92308, 596.79553, 247.53677, 600.0105, 360.56992, 580.65985, 367.42883, 575.92725, 413.364, 761.89526, 420.6322, 730.44543, 402.64563, 956.02527, 417.60077, 869.17773, 648.6146, 704.218, 655.2418, 693.7228, 874.1417, 789.2881, 870.2562, 779.6695, 1120.7568, 839.9834, 1090.8059, 821.9672]
