[[ 447.57593  664.3411 ]
 [ 452.44843  650.50604]
 [ 444.98288  652.82227]
 [ 488.46967  641.0923 ]
 [ 466.76508  640.27313]
 [ 546.2997   692.6419 ]
 [ 503.41058  691.86145]
 [ 510.24384  773.6439 ]
 [ 460.97668  767.4124 ]
 [ 446.27835  774.12384]
 [ 433.77448  775.74585]
 [ 628.357    887.6504 ]
 [ 569.8557   890.0863 ]
 [ 488.40338  910.2441 ]
 [ 463.73505  895.9262 ]
 [ 594.42975 1093.1194 ]
 [ 560.2567  1077.1287 ]]

[[ 448.5157   662.7102 ]
 [ 452.21878  650.06274]
 [ 445.33148  652.0673 ]
 [ 488.46295  639.65424]
 [ 466.82812  638.9254 ]
 [ 542.7404   693.9087 ]
 [ 492.77307  685.7012 ]
 [ 501.83344  772.6564 ]
 [ 447.8708   756.96204]
 [ 427.27155  747.9687 ]
 [ 421.88715  757.29236]
 [ 632.6416   879.854  ]
 [ 573.94055  875.9396 ]
 [ 494.31482  917.27997]
 [ 469.63544  897.2897 ]
 [ 589.0768  1089.5789 ]
 [ 535.13525 1053.3209 ]]

[[ 444.71356  653.89197]
 [ 446.52167  639.3789 ]
 [ 441.18057  639.62067]
 [ 476.2785   635.15515]
 [ 458.9592   630.0992 ]
 [ 534.0629   696.96497]
 [ 505.32303  681.1637 ]
 [ 493.65717  773.0293 ]
 [ 457.68552  760.38464]
 [ 421.4888   760.0365 ]
 [ 405.1201   750.77747]
 [ 634.3627   877.66724]
 [ 584.27673  871.47107]
 [ 471.62683  894.05774]
 [ 456.29562  877.06506]
 [ 588.2284  1091.4105 ]
 [ 543.4555  1056.8981 ]]

[[ 435.1989   632.94763]
 [ 442.02112  621.1105 ]
 [ 433.81348  619.4725 ]
 [ 464.22742  611.5451 ]
 [ 463.19443  613.5543 ]
 [ 535.0688   670.7269 ]
 [ 515.7954   662.05896]
 [ 482.3895   737.84937]
 [ 453.97504  725.91064]
 [ 444.4306   710.15717]
 [ 435.47195  714.0744 ]
 [ 632.4332   876.11707]
 [ 599.76514  870.6366 ]
 [ 457.89062  879.4984 ]
 [ 458.33673  871.3931 ]
 [ 589.8511  1092.6796 ]
 [ 555.9978  1061.7092 ]]

[[ 439.09787  628.5298 ]
 [ 444.2245   614.8115 ]
 [ 436.71185  613.2415 ]
 [ 472.98254  610.4086 ]
 [ 471.582    603.02344]
 [ 533.61566  668.02734]
 [ 520.9187   656.09937]
 [ 484.78674  735.70325]
 [ 474.59244  721.24805]
 [ 419.8943   718.57935]
 [ 433.20523  717.3926 ]
 [ 629.1438   876.4674 ]
 [ 599.854    868.66174]
 [ 475.85815  907.66144]
 [ 468.3753   899.0246 ]
 [ 589.4972  1094.1248 ]
 [ 568.5985  1074.5193 ]]

[[ 446.44345  638.5808 ]
 [ 447.57947  633.1918 ]
 [ 446.64215  631.69763]
 [ 479.41473  621.47437]
 [ 478.05417  613.90466]
 [ 547.1245   677.1406 ]
 [ 537.3332   663.7267 ]
 [ 502.93427  732.6555 ]
 [ 477.10632  719.1178 ]
 [ 419.73416  714.8996 ]
 [ 419.78714  711.93665]
 [ 641.95746  880.1464 ]
 [ 622.88354  873.50146]
 [ 475.81726  906.2115 ]
 [ 459.514    883.95264]
 [ 589.79974 1092.4573 ]
 [ 564.7082  1074.951  ]]

[[ 446.23166  639.5803 ]
 [ 446.42035  633.7908 ]
 [ 445.20078  632.83484]
 [ 475.4638   626.3795 ]
 [ 473.50684  619.3798 ]
 [ 541.5266   676.92664]
 [ 528.93384  671.4983 ]
 [ 503.31793  735.15454]
 [ 471.69275  730.5934 ]
 [ 451.57025  714.22394]
 [ 435.0161   715.3701 ]
 [ 635.5343   877.34766]
 [ 602.798    871.42883]
 [ 465.4356   875.4614 ]
 [ 457.28378  856.9586 ]
 [ 588.0389  1077.179  ]
 [ 546.54767 1043.062  ]]



 